0.0050106048583984375
0.006133317947387695
0.012156009674072266
0.0057713985443115234
0.008319377899169922
0.009342432022094727
0.005310535430908203
0.009520292282104492
0.006227731704711914
0.006998777389526367
0.010056734085083008
0.010291099548339844
0.0052340030670166016
0.0049364566802978516
0.005184650421142578
0.008790254592895508
0.010404348373413086
0.01006007194519043
0.00448298454284668
0.005902767181396484
0.005847930908203125
0.007481813430786133
0.006443023681640625
0.010008811950683594
0.0052700042724609375
0.005959749221801758
0.007082223892211914
0.011627197265625
0.010133743286132812
0.009765148162841797
0.005061626434326172
0.005189180374145508
0.005306243896484375
0.005204439163208008
0.005150318145751953
0.004225492477416992
0.0050504207611083984
0.005459308624267578
0.004289388656616211
0.005394935607910156
0.0050733089447021484
0.005170106887817383
0.004674196243286133
0.00505375862121582
0.005173444747924805
0.0049343109130859375
0.0051915645599365234
0.005338430404663086
0.006039857864379883
0.005942106246948242
0.007511615753173828
0.012775659561157227
0.01006174087524414
0.008994340896606445
0.006202220916748047
0.0071315765380859375
0.010003805160522461
0.01030421257019043
0.010847330093383789
0.009152412414550781
