0.005879402160644531
0.00713038444519043
0.011069774627685547
0.010776519775390625
0.011975765228271484
0.010158061981201172
0.011658906936645508
0.010959863662719727
0.009584188461303711
0.005173921585083008
0.0053446292877197266
0.006490230560302734
0.008299112319946289
0.005485057830810547
0.010554075241088867
0.011365175247192383
0.009616851806640625
0.009108543395996094
0.005837917327880859
0.0077893733978271484
0.008006572723388672
0.008115530014038086
0.01054239273071289
0.011550426483154297
0.011715412139892578
0.011428117752075195
0.009779214859008789
0.004627704620361328
0.011464595794677734
0.011333465576171875
0.010266304016113281
0.01109457015991211
0.010927200317382812
0.010167360305786133
0.010959148406982422
0.010881662368774414
0.0049250125885009766
0.00399017333984375
0.004717350006103516
0.006116628646850586
0.005243539810180664
0.004474163055419922
0.00856637954711914
0.004723787307739258
0.010711431503295898
0.005662202835083008
0.007729768753051758
0.00778961181640625
0.0047607421875
0.009662389755249023
0.011712789535522461
0.0059278011322021484
0.010408878326416016
0.010712146759033203
0.0056552886962890625
0.0046613216400146484
0.0053637027740478516
0.006575345993041992
0.0061113834381103516
0.0052738189697265625
0.00868082046508789
0.010862350463867188
0.008230209350585938
0.005259513854980469
0.0054471492767333984
0.004325151443481445
0.004423618316650391
0.0077092647552490234
0.009468317031860352
0.007691621780395508
0.010973930358886719
0.009361028671264648
0.0045964717864990234
0.006102800369262695
0.004727363586425781
0.004222869873046875
0.0047647953033447266
0.005364418029785156
0.006883382797241211
0.008554220199584961
0.006083250045776367
0.005334377288818359
0.005221843719482422
0.006170988082885742
0.006040096282958984
0.005557537078857422
0.008733510971069336
0.011651277542114258
0.010763883590698242
0.009165525436401367
