0.005046844482421875
0.005119800567626953
0.006067991256713867
0.008507013320922852
0.00977945327758789
0.0053386688232421875
0.004957914352416992
0.004983663558959961
0.010151386260986328
0.010003328323364258
0.00577092170715332
0.007447004318237305
0.013348579406738281
0.010196924209594727
0.009239673614501953
0.0059278011322021484
0.005707740783691406
0.009512186050415039
0.009841442108154297
0.010030508041381836
0.005815982818603516
0.006680727005004883
0.006853580474853516
0.009319782257080078
0.006399631500244141
0.00490570068359375
0.006285190582275391
0.008980035781860352
0.01059412956237793
0.01055288314819336
0.004091024398803711
0.004711151123046875
0.0073282718658447266
0.005173921585083008
0.006981849670410156
0.006308317184448242
0.006001710891723633
0.004704713821411133
0.00895547866821289
0.0056231021881103516
0.00567626953125
0.008449792861938477
0.011505603790283203
0.00798940658569336
0.005730867385864258
0.005206584930419922
0.005132913589477539
0.004971027374267578
0.005342960357666016
0.011411428451538086
