0.006362199783325195
0.006396055221557617
0.006009340286254883
0.010789871215820312
0.011594772338867188
0.012955904006958008
0.010885238647460938
0.010811805725097656
0.010978937149047852
0.01055145263671875
0.009152889251708984
0.011034727096557617
0.008857488632202148
0.010963678359985352
0.010629892349243164
0.010366201400756836
0.010370969772338867
0.009197473526000977
0.011134147644042969
0.009588003158569336
0.00995492935180664
0.010597467422485352
0.010322809219360352
0.005674839019775391
0.006364345550537109
0.009048700332641602
0.009116649627685547
0.010994195938110352
0.010031461715698242
0.010229825973510742
0.011094331741333008
0.010882854461669922
0.010792016983032227
0.01064157485961914
0.01032400131225586
0.009559392929077148
0.010329723358154297
0.010787010192871094
0.011695623397827148
0.010239124298095703
0.010640144348144531
0.0076830387115478516
0.006397724151611328
0.008176088333129883
0.009337186813354492
0.008876323699951172
0.005397319793701172
0.005247354507446289
0.005360126495361328
0.004477024078369141
0.0062139034271240234
0.0050907135009765625
0.003964662551879883
0.004941463470458984
0.004819154739379883
0.005082130432128906
0.004246234893798828
0.008219718933105469
0.00976252555847168
0.010413646697998047
0.010509729385375977
0.010982751846313477
0.010385751724243164
0.010010719299316406
0.005272626876831055
0.004135847091674805
0.005453348159790039
0.005956411361694336
0.006549835205078125
0.004860639572143555
0.006881237030029297
0.009811162948608398
0.010776281356811523
0.011602401733398438
0.011566400527954102
0.010173320770263672
0.010306596755981445
0.00978398323059082
0.009481191635131836
0.010202407836914062
0.011312007904052734
0.010464191436767578
0.011087179183959961
0.011310815811157227
0.009798288345336914
0.012192249298095703
0.012686491012573242
0.010531187057495117
0.01068115234375
0.010279178619384766
0.011330842971801758
0.011317968368530273
0.0055696964263916016
0.005456447601318359
0.010646343231201172
0.012262105941772461
0.011037588119506836
0.00962066650390625
0.012029647827148438
0.011036157608032227
0.013312339782714844
0.00914144515991211
0.011116504669189453
0.008382320404052734
0.006947755813598633
0.01074981689453125
0.011243343353271484
0.007651805877685547
0.009859085083007812
0.010483026504516602
0.010381698608398438
0.009676933288574219
0.010989189147949219
0.010820627212524414
0.010872125625610352
0.005980253219604492
0.005120992660522461
0.0044057369232177734
0.00803518295288086
0.007268667221069336
0.004270076751708984
0.009491682052612305
0.005901813507080078
0.009833574295043945
0.004912376403808594
0.005927562713623047
0.00992584228515625
0.010185956954956055
0.009170055389404297
0.007203340530395508
0.011598348617553711
0.011262655258178711
0.008345842361450195
0.01114034652709961
0.01145792007446289
0.01112818717956543
0.012687921524047852
0.010444879531860352
0.005098819732666016
0.00502467155456543
0.006784200668334961
0.012567758560180664
0.011290788650512695
0.008591413497924805
0.011626720428466797
0.011672258377075195
0.0071833133697509766
0.010817766189575195
0.012314319610595703
0.010479211807250977
0.009541511535644531
0.010169267654418945
0.010736227035522461
0.011148214340209961
0.013092517852783203
0.00810861587524414
0.011196374893188477
0.008044004440307617
0.01253962516784668
0.012007951736450195
0.009359121322631836
0.005179882049560547
0.005875110626220703
0.00695490837097168
0.011188030242919922
0.010550737380981445
0.011110067367553711
0.010626077651977539
0.010965347290039062
0.010528087615966797
0.010799646377563477
0.010165929794311523
0.010523319244384766
0.01012110710144043
0.011076688766479492
0.009865045547485352
0.010537147521972656
0.011167287826538086
0.01069021224975586
0.009862899780273438
0.009720087051391602
0.009991168975830078
0.011947393417358398
0.009743928909301758
0.004899263381958008
0.005081653594970703
0.008702516555786133
0.01024317741394043
0.005307912826538086
0.0050754547119140625
0.0048067569732666016
0.009733200073242188
0.005736827850341797
0.010849952697753906
0.012099266052246094
0.009804248809814453
0.010003805160522461
0.009979486465454102
0.011794567108154297
0.011297464370727539
0.01038813591003418
0.009454727172851562
0.010469675064086914
0.010683536529541016
0.009438276290893555
0.010281801223754883
0.010698080062866211
0.005212068557739258
0.00551915168762207
0.00794529914855957
0.010790348052978516
0.010767221450805664
0.006421804428100586
0.0058443546295166016
0.005312681198120117
0.006171703338623047
0.005831718444824219
0.006999969482421875
0.008358240127563477
0.008672475814819336
0.009872913360595703
0.010029077529907227
0.009696245193481445
0.011122941970825195
0.010871648788452148
0.015278100967407227
0.005231380462646484
0.010721683502197266
0.008479833602905273
0.010513544082641602
