0.0047681331634521484
0.005580425262451172
0.009282588958740234
0.010992288589477539
0.010097503662109375
0.010847806930541992
0.011199951171875
0.011998414993286133
0.009749889373779297
0.010055780410766602
0.010367393493652344
0.011298418045043945
0.010615825653076172
0.011238574981689453
0.01114797592163086
0.013488292694091797
0.009833574295043945
0.010814428329467773
0.011087656021118164
0.006556272506713867
0.0085296630859375
0.011406898498535156
0.010306119918823242
0.009962320327758789
0.006177425384521484
0.007840633392333984
0.005499124526977539
0.006601810455322266
0.009778261184692383
0.010439395904541016
0.011240005493164062
0.012200593948364258
0.011966705322265625
0.01177978515625
0.0055963993072509766
0.0053517818450927734
0.006112813949584961
0.01112508773803711
0.011101484298706055
0.010820865631103516
0.01106715202331543
0.00988006591796875
0.012420654296875
0.010553598403930664
0.010882139205932617
0.011371135711669922
0.010315895080566406
0.01001119613647461
0.00950169563293457
0.011577844619750977
0.010722875595092773
0.01025390625
0.008620262145996094
0.004810333251953125
0.00695490837097168
0.0066645145416259766
0.007041454315185547
0.010100126266479492
0.010455608367919922
0.009271860122680664
0.010268926620483398
0.012295007705688477
0.011754274368286133
0.011563539505004883
0.00973200798034668
0.010732889175415039
0.010344266891479492
0.005441427230834961
0.005021333694458008
0.006829261779785156
0.008840322494506836
0.010791778564453125
0.011040210723876953
0.011187553405761719
0.011168479919433594
0.011088132858276367
0.010431289672851562
0.012640237808227539
0.010564565658569336
0.011424779891967773
0.009746551513671875
0.010689496994018555
0.00953984260559082
0.011707305908203125
0.009759902954101562
0.0066225528717041016
0.01144862174987793
0.010097503662109375
0.0068743228912353516
0.008472919464111328
0.01065826416015625
0.011170148849487305
0.010539770126342773
0.01003575325012207
0.012416362762451172
0.010336160659790039
0.010909795761108398
0.010312080383300781
0.011316061019897461
0.011223793029785156
0.010730981826782227
0.010385513305664062
0.004752397537231445
0.006244182586669922
0.010415792465209961
0.010303497314453125
0.010466814041137695
0.011338233947753906
0.01103663444519043
0.0071294307708740234
0.006606101989746094
0.006039619445800781
0.008005857467651367
0.010445356369018555
0.010459423065185547
0.01160740852355957
0.012389898300170898
0.010059833526611328
0.01231694221496582
0.011008977890014648
0.010685920715332031
0.011279106140136719
0.009595870971679688
0.011350631713867188
0.011016368865966797
0.011090993881225586
0.00931096076965332
0.009604454040527344
0.011659622192382812
0.010026931762695312
0.008777618408203125
0.010910511016845703
0.009393930435180664
0.01159048080444336
0.010451793670654297
0.010224103927612305
0.005103111267089844
0.005946159362792969
0.012660026550292969
0.011308908462524414
0.010001897811889648
0.010788679122924805
0.011167287826538086
0.0109710693359375
0.010400533676147461
0.00986480712890625
0.009474039077758789
0.013399839401245117
0.009484291076660156
0.011023998260498047
0.00964212417602539
0.008415460586547852
0.009754180908203125
0.010408878326416016
0.010546445846557617
0.010247945785522461
0.009090662002563477
0.010913610458374023
0.010136127471923828
0.016559123992919922
0.011005878448486328
0.010118722915649414
0.01097416877746582
0.01193094253540039
0.009950876235961914
0.01051473617553711
0.010397195816040039
0.011404037475585938
0.009895086288452148
0.01102304458618164
0.005557537078857422
0.005032539367675781
0.005800008773803711
0.00796651840209961
0.009803533554077148
0.01035165786743164
0.011919260025024414
0.005573749542236328
0.01577615737915039
0.011055946350097656
0.009287834167480469
0.011414051055908203
0.009804248809814453
0.009543180465698242
0.011835098266601562
0.012115240097045898
0.010789632797241211
0.008802413940429688
0.009954690933227539
0.0112457275390625
0.0068798065185546875
0.005551815032958984
0.010137081146240234
0.010372161865234375
0.01173090934753418
0.010332107543945312
0.009659767150878906
0.010195255279541016
0.01141357421875
0.0118255615234375
0.009801387786865234
0.01116037368774414
0.011010885238647461
0.011501312255859375
0.005460500717163086
0.0075225830078125
0.011380672454833984
0.011025667190551758
0.010094642639160156
0.010558366775512695
0.010805606842041016
0.009758710861206055
0.01056981086730957
0.011073827743530273
0.010448694229125977
0.011474132537841797
0.009961128234863281
0.011228084564208984
0.011310577392578125
0.010682106018066406
0.010484695434570312
0.010780572891235352
0.010376453399658203
0.005369424819946289
0.004884958267211914
0.005372285842895508
0.004293918609619141
0.0042383670806884766
0.005068540573120117
0.005247831344604492
0.008524656295776367
0.010758638381958008
0.010019779205322266
0.011236906051635742
0.009553909301757812
0.008487462997436523
0.006027936935424805
0.005129814147949219
0.006462574005126953
0.00937032699584961
0.010506868362426758
0.010406017303466797
0.010219335556030273
0.010145902633666992
0.010315895080566406
0.0108642578125
0.009214162826538086
0.009406089782714844
0.00792384147644043
0.012529611587524414
0.010332584381103516
0.010419130325317383
0.010655403137207031
0.008908510208129883
0.010065555572509766
0.00852823257446289
0.01139378547668457
0.009620189666748047
0.010386466979980469
0.010958194732666016
0.0109405517578125
0.010139226913452148
0.010582923889160156
0.012729406356811523
0.010561943054199219
0.010510921478271484
0.008858919143676758
0.010662317276000977
0.012483358383178711
0.0111846923828125
0.009916305541992188
0.010631561279296875
0.006497621536254883
0.0070343017578125
0.0060193538665771484
0.003982067108154297
0.0061206817626953125
0.00564122200012207
0.006177186965942383
0.006670713424682617
0.004683256149291992
0.006498098373413086
0.0058481693267822266
0.009604930877685547
0.005190372467041016
0.004221677780151367
0.006300926208496094
0.006005287170410156
0.005571842193603516
0.0059642791748046875
0.006956577301025391
0.005280971527099609
0.005150794982910156
0.0059702396392822266
0.005128622055053711
0.006436824798583984
0.005430698394775391
0.007162332534790039
0.007061481475830078
0.007560014724731445
0.005738735198974609
0.006189584732055664
0.00647282600402832
0.005213737487792969
0.005568265914916992
0.006232500076293945
0.007899761199951172
0.005125999450683594
0.004498004913330078
0.0049974918365478516
0.005151033401489258
0.005421161651611328
0.0056514739990234375
0.00555419921875
0.005677700042724609
0.0047452449798583984
0.004332542419433594
0.005217313766479492
0.0038611888885498047
0.00589752197265625
0.005100250244140625
0.004869699478149414
0.004853487014770508
0.005136728286743164
0.0045740604400634766
0.005857944488525391
0.0040934085845947266
0.00575566291809082
0.0055103302001953125
0.0041844844818115234
0.005239725112915039
0.005075931549072266
0.00501561164855957
0.0058803558349609375
0.004542350769042969
0.0042459964752197266
0.004581451416015625
0.004691362380981445
0.0050928592681884766
0.005080223083496094
0.005464315414428711
0.005816221237182617
0.00522613525390625
0.005503654479980469
0.0052182674407958984
0.004561185836791992
0.005507946014404297
0.004520416259765625
0.005400419235229492
0.005395174026489258
0.005638599395751953
0.005196094512939453
0.006050825119018555
0.0056993961334228516
0.005372285842895508
0.004464864730834961
0.005059957504272461
0.005778789520263672
0.0059397220611572266
0.005488872528076172
0.005628108978271484
0.004241943359375
0.00579380989074707
0.00561213493347168
0.005659818649291992
0.004518985748291016
0.004739522933959961
0.004240751266479492
0.006252765655517578
0.0054242610931396484
0.004389762878417969
0.00436711311340332
0.005643129348754883
0.0049970149993896484
0.0057942867279052734
0.0057866573333740234
0.005964517593383789
0.006974220275878906
0.005260467529296875
0.0054743289947509766
0.006107330322265625
0.005614519119262695
0.0069751739501953125
0.004456520080566406
0.006105184555053711
0.0062792301177978516
0.0056915283203125
0.004633188247680664
0.005284547805786133
0.005440473556518555
0.006453752517700195
0.004017829895019531
0.0062487125396728516
0.005270719528198242
0.004700422286987305
0.0051174163818359375
0.005902767181396484
0.005529880523681641
0.005274057388305664
0.004828453063964844
0.005924701690673828
0.005706071853637695
0.0066297054290771484
0.0049970149993896484
0.006105899810791016
0.005364894866943359
0.006323337554931641
0.005847930908203125
0.004553794860839844
0.005351543426513672
0.004569530487060547
0.005543708801269531
0.006159782409667969
0.006252765655517578
0.004571199417114258
0.004644155502319336
0.005450725555419922
0.00488734245300293
0.005889415740966797
0.00584721565246582
0.0050809383392333984
0.004725217819213867
0.005271434783935547
0.0052814483642578125
0.006468534469604492
0.005789995193481445
0.0045931339263916016
0.00870370864868164
0.010965585708618164
0.009789466857910156
0.00959014892578125
0.010778188705444336
0.011678695678710938
0.010890722274780273
0.009948253631591797
0.009706258773803711
0.010671377182006836
0.010829448699951172
0.010146379470825195
0.010751962661743164
0.01019597053527832
0.010994434356689453
0.005808115005493164
0.007809638977050781
0.01034402847290039
0.010429620742797852
0.010874509811401367
0.01118922233581543
0.01031637191772461
0.01082158088684082
0.011300086975097656
0.009899139404296875
0.005264759063720703
0.005061626434326172
0.007190227508544922
0.011582136154174805
0.010491371154785156
0.011190652847290039
0.012271642684936523
0.005523204803466797
0.009823083877563477
0.013166427612304688
0.011594295501708984
0.010038375854492188
0.010551214218139648
0.010039091110229492
0.007938623428344727
0.010426998138427734
0.009650468826293945
0.009613513946533203
0.010675191879272461
0.010619640350341797
0.009758472442626953
0.006290912628173828
0.007992744445800781
0.011966943740844727
0.005876064300537109
0.005139350891113281
0.007332563400268555
0.010106563568115234
0.009314537048339844
0.008779525756835938
0.01059579849243164
0.011023521423339844
0.011603355407714844
0.009859085083007812
0.010377883911132812
0.010651111602783203
0.011645317077636719
0.010802268981933594
0.009913921356201172
0.012300491333007812
0.012378454208374023
0.005145072937011719
0.005479335784912109
0.0050089359283447266
0.0075283050537109375
0.011063098907470703
0.011528730392456055
0.010317564010620117
0.010052204132080078
0.010466575622558594
0.009134769439697266
0.005722522735595703
0.006665945053100586
0.005393266677856445
0.008327960968017578
0.01105046272277832
0.011333942413330078
0.011846780776977539
