0.006919145584106445
0.004940032958984375
0.005158901214599609
0.006899356842041016
0.01663517951965332
0.0056955814361572266
0.0050961971282958984
0.005762815475463867
0.0053005218505859375
0.00541996955871582
0.005323886871337891
0.016872882843017578
0.006427288055419922
0.0057888031005859375
0.0057294368743896484
0.0064427852630615234
0.00539851188659668
0.00422978401184082
0.0049626827239990234
0.004888057708740234
0.0051233768463134766
0.005441904067993164
0.004315853118896484
0.005773067474365234
0.0045049190521240234
0.005400657653808594
0.006209373474121094
0.004839420318603516
0.005074977874755859
0.005624055862426758
0.005225419998168945
0.005110025405883789
0.0052411556243896484
0.005747079849243164
0.0040264129638671875
0.005672454833984375
0.0056383609771728516
0.004122734069824219
0.005525112152099609
0.005672454833984375
0.004492998123168945
0.004502773284912109
0.005202054977416992
0.004781007766723633
0.0053899288177490234
0.004190683364868164
0.005759477615356445
0.005253791809082031
0.0050318241119384766
0.004885435104370117
0.004250526428222656
0.0050737857818603516
0.0050334930419921875
0.004139900207519531
0.004796028137207031
0.005129098892211914
0.004452228546142578
0.005202770233154297
0.005266904830932617
0.005130290985107422
0.005498647689819336
0.005045175552368164
0.00528407096862793
0.0053861141204833984
0.004953145980834961
0.005928993225097656
0.005097150802612305
0.00574040412902832
0.004903316497802734
0.004736185073852539
0.005188941955566406
0.005568981170654297
0.005018711090087891
0.0054111480712890625
0.0046961307525634766
0.005451202392578125
0.004889249801635742
0.005129098892211914
0.006106138229370117
0.004271268844604492
0.004855155944824219
0.005261898040771484
0.005245208740234375
0.006269216537475586
0.005008697509765625
0.005812883377075195
0.005181550979614258
0.0071430206298828125
0.005806446075439453
0.005410671234130859
0.00536656379699707
0.0049855709075927734
0.004985332489013672
0.005212545394897461
0.004893779754638672
0.005684852600097656
0.005234956741333008
0.0050067901611328125
0.004533290863037109
0.005490541458129883
0.005557060241699219
0.005705118179321289
0.0048024654388427734
0.004872560501098633
0.005053520202636719
0.005114555358886719
0.00470733642578125
0.005377531051635742
0.00482487678527832
0.00513458251953125
0.004060268402099609
0.0052051544189453125
0.0051288604736328125
0.005208253860473633
0.004328489303588867
0.005227804183959961
0.004181623458862305
0.005484342575073242
0.00440526008605957
0.0063855648040771484
0.0049550533294677734
0.005955934524536133
0.004763364791870117
0.0053863525390625
0.009677886962890625
0.007607936859130859
0.009016275405883789
0.0055353641510009766
0.0044171810150146484
0.005887508392333984
0.004542827606201172
0.004300355911254883
0.0049991607666015625
0.0055196285247802734
0.004650592803955078
0.00484919548034668
0.0059163570404052734
0.004857778549194336
0.0053179264068603516
0.0051784515380859375
0.005225181579589844
0.005833625793457031
0.0067291259765625
0.007822751998901367
0.004508018493652344
0.006334066390991211
0.00502467155456543
0.0061342716217041016
0.006791353225708008
0.004769325256347656
0.004061222076416016
0.005161285400390625
0.005462169647216797
0.004952669143676758
0.0059108734130859375
0.005173444747924805
0.005172252655029297
0.0055887699127197266
0.004570484161376953
0.004262685775756836
0.0045583248138427734
0.005821704864501953
0.005269527435302734
0.0051877498626708984
0.0052759647369384766
0.005092620849609375
0.005423545837402344
0.004281520843505859
0.004872560501098633
0.004863739013671875
