0.0045702457427978516
0.0052187442779541016
0.004468441009521484
0.004895448684692383
0.004554033279418945
0.005200862884521484
0.005225419998168945
0.004407644271850586
0.005205869674682617
0.005426168441772461
0.005079746246337891
0.004563093185424805
0.004521369934082031
0.005106210708618164
0.005209207534790039
0.004683732986450195
0.005858182907104492
0.006246328353881836
0.005365610122680664
0.005193233489990234
0.004988431930541992
0.005257129669189453
0.005984067916870117
0.005552530288696289
0.0051746368408203125
0.004945993423461914
0.005353212356567383
0.00536799430847168
0.0063059329986572266
0.005468606948852539
0.005315303802490234
0.0050754547119140625
0.005284547805786133
0.004467964172363281
0.005316972732543945
0.005154609680175781
0.005631446838378906
0.004618167877197266
0.004832029342651367
0.004164695739746094
0.004299163818359375
0.005033969879150391
0.0051038265228271484
0.005297183990478516
0.005151510238647461
0.005654096603393555
0.004608869552612305
0.0051422119140625
0.004758119583129883
0.005381345748901367
0.004976511001586914
0.004183292388916016
0.004605531692504883
0.00565648078918457
0.005838632583618164
0.0058133602142333984
0.0049512386322021484
0.005875110626220703
0.004968166351318359
0.0049173831939697266
0.005181312561035156
0.004426240921020508
0.005170345306396484
0.004600048065185547
0.005095720291137695
0.0048139095306396484
0.004683494567871094
0.00496220588684082
0.005296945571899414
0.005052089691162109
0.004346609115600586
0.005267620086669922
0.005768537521362305
0.005158662796020508
0.004976987838745117
0.005383968353271484
0.004370689392089844
0.005199909210205078
0.005324125289916992
0.0050811767578125
0.004576444625854492
0.004848480224609375
0.0056133270263671875
0.006073474884033203
0.004884958267211914
0.005368709564208984
0.0054225921630859375
0.005131959915161133
0.005222320556640625
0.004747629165649414
0.005887746810913086
0.005663871765136719
0.005255937576293945
0.005242824554443359
0.0052530765533447266
0.005106210708618164
0.0056493282318115234
0.00501251220703125
0.005609989166259766
0.0051119327545166016
0.004920005798339844
0.004769563674926758
0.005440473556518555
0.0050733089447021484
0.004317522048950195
0.0050618648529052734
0.00438237190246582
0.005517482757568359
0.004518270492553711
0.005227804183959961
0.004298686981201172
0.005293130874633789
0.005205631256103516
0.004427194595336914
0.00513911247253418
0.0050814151763916016
0.006188869476318359
0.004384040832519531
0.005289793014526367
0.004772663116455078
0.006086587905883789
0.00579524040222168
0.010338544845581055
0.010255098342895508
0.009433507919311523
0.011153459548950195
0.00569915771484375
0.008764266967773438
0.008592605590820312
0.004462718963623047
0.00579071044921875
0.007011890411376953
0.01024627685546875
0.010748863220214844
0.011157751083374023
0.011880159378051758
0.01089024543762207
0.009901762008666992
0.004820108413696289
0.005347013473510742
0.008992195129394531
0.011171102523803711
0.009852409362792969
0.004383087158203125
0.0051348209381103516
0.006066322326660156
0.0066335201263427734
0.004906654357910156
0.005536317825317383
0.009652853012084961
0.005878448486328125
0.006256818771362305
0.0075609683990478516
0.008973360061645508
0.010642766952514648
0.011317014694213867
0.004997730255126953
0.005099773406982422
0.00834798812866211
0.012058734893798828
0.012333154678344727
0.010586023330688477
0.010101079940795898
0.010891199111938477
0.009167909622192383
0.0053369998931884766
0.009265422821044922
0.007398128509521484
0.007417201995849609
0.007896900177001953
0.011340618133544922
0.00973200798034668
0.00919485092163086
0.01053619384765625
0.0053234100341796875
0.005875349044799805
0.006489753723144531
0.009422540664672852
0.011348962783813477
0.010482549667358398
0.012162446975708008
0.010057449340820312
0.006269931793212891
0.004157304763793945
0.007401704788208008
0.008898019790649414
0.00603938102722168
0.00606846809387207
0.005889415740966797
0.010982036590576172
0.00719761848449707
0.009929418563842773
0.00536656379699707
0.005415201187133789
0.007308483123779297
0.0096893310546875
0.010527372360229492
0.008982181549072266
0.010420799255371094
0.008979558944702148
0.010009050369262695
0.005375862121582031
0.005847930908203125
0.005473613739013672
0.0066297054290771484
0.008790016174316406
0.01169586181640625
0.010084867477416992
0.011118650436401367
0.00954127311706543
