0.005769252777099609
0.004179239273071289
0.004659414291381836
0.005053043365478516
0.005061626434326172
0.005785465240478516
0.0051915645599365234
0.005389690399169922
0.0043659210205078125
0.005403757095336914
0.005684614181518555
0.004319190979003906
0.0061838626861572266
0.004654407501220703
0.0050754547119140625
0.005079746246337891
0.005650758743286133
0.005042552947998047
0.005420684814453125
0.0048329830169677734
0.005594015121459961
0.004563093185424805
0.005185365676879883
0.006234645843505859
0.005303144454956055
0.005402088165283203
0.005507469177246094
0.0045223236083984375
0.0052678585052490234
0.004973173141479492
0.003897428512573242
0.004630327224731445
0.004411458969116211
0.004904985427856445
0.0047130584716796875
0.005453348159790039
0.005243062973022461
0.004789590835571289
0.005280494689941406
0.005472421646118164
0.0038585662841796875
0.0047185420989990234
0.004461765289306641
0.004923820495605469
0.005614757537841797
0.006554126739501953
0.0054666996002197266
0.00432133674621582
0.005204677581787109
0.004728078842163086
0.004224538803100586
0.004660844802856445
0.004744052886962891
0.00436854362487793
0.004763364791870117
0.004202604293823242
0.005462169647216797
0.005049228668212891
0.004996061325073242
0.005212306976318359
0.005333662033081055
0.005364179611206055
0.0053653717041015625
0.005235433578491211
0.005150794982910156
0.005454301834106445
0.004042148590087891
0.005265951156616211
0.005053281784057617
0.005293130874633789
0.005268573760986328
0.0057981014251708984
0.00568389892578125
0.005109071731567383
0.00531768798828125
0.0051081180572509766
0.0074193477630615234
0.006358623504638672
0.008008718490600586
0.0049664974212646484
0.005262136459350586
0.004252433776855469
0.005270957946777344
0.004602670669555664
0.005391120910644531
0.005110502243041992
0.005436420440673828
0.005436420440673828
0.005426168441772461
0.00548243522644043
0.0049588680267333984
0.006133079528808594
0.005548000335693359
0.004279375076293945
0.005545139312744141
0.0058650970458984375
0.0052967071533203125
0.004401206970214844
0.004449129104614258
0.005129575729370117
0.005894660949707031
0.00550389289855957
0.004994392395019531
0.0052716732025146484
0.005328178405761719
0.006260395050048828
0.005097150802612305
0.004786252975463867
0.0055768489837646484
0.0065157413482666016
0.005830287933349609
0.005023479461669922
0.0051708221435546875
0.00538945198059082
0.0044097900390625
0.005475282669067383
0.005667686462402344
0.004483699798583984
0.004273176193237305
0.0046672821044921875
0.004986286163330078
0.005194902420043945
0.005196571350097656
0.005438089370727539
0.005419731140136719
0.0047054290771484375
0.005476236343383789
0.005671024322509766
0.005278825759887695
0.003980875015258789
0.004317760467529297
0.0052645206451416016
0.0042629241943359375
0.005318641662597656
0.004334926605224609
0.004171133041381836
0.0047607421875
0.0046329498291015625
0.004858970642089844
0.004724979400634766
0.004993438720703125
0.005959987640380859
0.005023956298828125
0.005362033843994141
0.005019426345825195
0.005057811737060547
0.004942893981933594
0.005266904830932617
0.004606485366821289
0.0047914981842041016
0.0044591426849365234
0.0052490234375
0.004974365234375
0.00482487678527832
0.00504755973815918
0.0061647891998291016
0.004484891891479492
0.005184650421142578
0.005293607711791992
0.005240917205810547
0.005101442337036133
0.00527501106262207
0.005145072937011719
0.0054972171783447266
0.004241943359375
0.005516529083251953
0.005227565765380859
0.005696773529052734
0.005285501480102539
0.004241466522216797
0.004755735397338867
0.005769968032836914
0.00672602653503418
0.009781599044799805
0.010532379150390625
0.010951757431030273
0.010725021362304688
0.004140615463256836
0.004171848297119141
0.005372285842895508
0.006719112396240234
0.00627899169921875
0.010554790496826172
0.006935834884643555
0.009068489074707031
0.010261297225952148
0.010648727416992188
0.008869409561157227
0.0050868988037109375
0.006049633026123047
0.009806156158447266
0.005252361297607422
0.00722503662109375
0.010206937789916992
0.01108407974243164
0.010295867919921875
0.010429143905639648
0.0037910938262939453
0.005105733871459961
0.009226083755493164
0.012215852737426758
0.009152650833129883
0.011218070983886719
0.011559247970581055
0.011109590530395508
0.01016545295715332
0.005202531814575195
0.006375789642333984
0.0077724456787109375
0.010282039642333984
0.011210918426513672
0.01138925552368164
0.01171731948852539
0.010169029235839844
0.01068735122680664
0.0054128170013427734
0.004800558090209961
0.005911111831665039
0.004965782165527344
0.004974365234375
0.004935503005981445
0.010263919830322266
0.01199483871459961
0.011243343353271484
0.0054361820220947266
0.0067250728607177734
0.010226249694824219
0.010535240173339844
0.00954580307006836
0.007666349411010742
0.011701107025146484
0.010392189025878906
0.009879350662231445
0.004616737365722656
0.0059850215911865234
0.0062334537506103516
0.007919549942016602
0.008464813232421875
0.01064443588256836
0.005251884460449219
0.0052835941314697266
0.006639957427978516
0.004576206207275391
0.005622148513793945
0.006048440933227539
0.011904716491699219
0.011037826538085938
0.01121973991394043
0.010428667068481445
0.01090693473815918
0.009798049926757812
0.0048863887786865234
0.0051364898681640625
0.005130767822265625
0.00558018684387207
0.004896879196166992
0.0059583187103271484
0.0051422119140625
0.0050029754638671875
0.005265712738037109
