0.0052034854888916016
0.0048580169677734375
0.005498409271240234
0.005455970764160156
0.004119873046875
0.005184650421142578
0.004335880279541016
0.00552678108215332
0.0051860809326171875
0.005045652389526367
0.004027366638183594
0.005014896392822266
0.0058782100677490234
0.0055332183837890625
0.005151510238647461
0.005400419235229492
0.0051174163818359375
0.00474858283996582
0.004656553268432617
0.005153656005859375
0.005339145660400391
0.006366252899169922
0.003999233245849609
0.00535273551940918
0.005352020263671875
0.005217790603637695
0.0052793025970458984
0.0049436092376708984
0.005071878433227539
0.005072355270385742
0.005218029022216797
0.005417585372924805
0.005522251129150391
0.004792928695678711
0.005509853363037109
0.005248308181762695
0.004858255386352539
0.007410287857055664
0.010673284530639648
0.01077127456665039
0.008080720901489258
0.012019872665405273
0.009563684463500977
0.011453866958618164
0.011205673217773438
0.006352424621582031
0.005541563034057617
0.00493311882019043
0.0054318904876708984
0.005200386047363281
0.004285573959350586
0.004864931106567383
0.005136251449584961
0.005273580551147461
0.005060434341430664
0.00519108772277832
0.00583195686340332
0.011605978012084961
0.01085662841796875
0.011876583099365234
0.009713411331176758
0.010471582412719727
0.009749650955200195
0.005338191986083984
0.007128000259399414
0.009639739990234375
0.005942583084106445
0.005705356597900391
0.006610393524169922
0.00943303108215332
0.010710954666137695
0.009640932083129883
0.005681037902832031
0.00576019287109375
0.00934600830078125
0.00612330436706543
0.010863304138183594
0.010482072830200195
0.010078668594360352
0.010588407516479492
0.010278701782226562
0.005969524383544922
0.007710933685302734
0.007380247116088867
0.010138750076293945
0.010962486267089844
0.010872364044189453
0.007950067520141602
0.010473012924194336
0.01046133041381836
0.005264997482299805
0.007681608200073242
0.008592844009399414
0.009460687637329102
0.007313251495361328
0.005703926086425781
0.005014896392822266
0.0052530765533447266
0.005643129348754883
0.005639076232910156
0.005730628967285156
0.008054256439208984
0.00850987434387207
0.009966135025024414
0.00989222526550293
0.01003885269165039
0.01037144660949707
0.010389089584350586
0.005714893341064453
0.004764080047607422
0.005114316940307617
0.005018472671508789
0.005221128463745117
0.006310224533081055
0.008890628814697266
0.010675907135009766
0.009976863861083984
0.008167266845703125
0.01112675666809082
0.010836362838745117
0.009561777114868164
0.010634899139404297
0.01147317886352539
0.010195493698120117
0.005357503890991211
0.005682468414306641
0.005528688430786133
0.007096290588378906
0.01135110855102539
0.011574983596801758
0.010491132736206055
0.011177778244018555
0.012174367904663086
0.011881828308105469
0.011725902557373047
0.009694814682006836
0.008072376251220703
0.012432575225830078
0.010591268539428711
0.013633251190185547
0.014120817184448242
0.009673118591308594
0.013335704803466797
0.008808612823486328
0.007642030715942383
0.006808042526245117
0.00945901870727539
0.010744094848632812
0.011651277542114258
0.007250070571899414
0.0058972835540771484
0.00713348388671875
0.010673999786376953
0.00658869743347168
0.008779048919677734
0.011085748672485352
0.008360147476196289
0.009396791458129883
0.013379573822021484
0.01212167739868164
0.013103246688842773
0.012160778045654297
0.008116483688354492
0.009177923202514648
0.007968425750732422
0.005064249038696289
0.011932849884033203
0.012156963348388672
0.009410381317138672
0.009598255157470703
0.010476350784301758
